     0/299     1.86G    0.1295   0.02201   0.09675    0.2483        19       640 1.959e-05  0.002219 1.353e-06 1.353e-07    0.1199   0.01809     0.096
     1/299     4.69G    0.1089   0.01792     0.093    0.2198        13       640 0.0006491 0.0008414  5.01e-05 5.355e-06   0.09269   0.02021   0.09083
     2/299     4.69G   0.08211   0.02148   0.08976    0.1933        18       640 0.0001307 0.0008613 7.734e-06 2.624e-06   0.07337   0.02282   0.08842
     3/299     4.69G   0.06384   0.02143   0.08747    0.1727         5       640   0.00529   0.08476    0.0023 0.0007849   0.06108   0.02226   0.08745
     4/299     4.69G   0.05994   0.02009   0.08816    0.1682        12       640    0.1298    0.1417   0.01531  0.005129   0.05195   0.01934   0.08767
     5/299     4.69G   0.05687   0.01715   0.08763    0.1617        11       640    0.2021    0.1742   0.02133  0.007424   0.05218   0.01666   0.08653
     6/299     4.69G   0.05605   0.01473   0.08606    0.1568        23       640   0.05686    0.2313   0.01245  0.003179   0.05646   0.01481   0.08541
     7/299     4.69G   0.05474   0.01383    0.0847    0.1533        15       640   0.06391    0.3148   0.02578   0.01139    0.0489   0.01438   0.08443
     8/299     4.69G   0.05047   0.01359   0.08322    0.1473        10       640   0.06012     0.273   0.01838  0.009008   0.04903    0.0132   0.08377
     9/299     4.69G   0.05072   0.01271     0.082    0.1454        21       640   0.04206    0.3965   0.03446   0.01249   0.05172   0.01233   0.08316
    10/299     4.69G   0.04839   0.01135   0.08266    0.1424         8       640     0.468    0.1387   0.03842   0.01834   0.04411   0.01218    0.0826
    11/299     4.69G   0.04923   0.01156   0.08221     0.143        14       640    0.1634    0.2362   0.04178   0.02245   0.03734   0.01193   0.08253
    12/299     4.69G   0.04937   0.01106   0.08237    0.1428         8       640    0.1639    0.2319   0.04175    0.0162   0.04771   0.01096   0.08194
    13/299     4.69G   0.05364   0.01085   0.08234    0.1468        13       640   0.09175     0.302   0.04891   0.02579   0.03982   0.01092   0.08178
    14/299     4.69G   0.04994   0.01086   0.08226    0.1431        16       640   0.02127    0.4662   0.04677   0.01708   0.04243   0.01061   0.08149
    15/299     4.69G   0.05181   0.01009   0.08271    0.1446         5       640   0.05029    0.4072   0.05516   0.02821   0.04565  0.009976   0.08122
    16/299     4.69G   0.05049  0.009738    0.0813    0.1415        10       640    0.2646    0.2277   0.05764   0.03241   0.03579   0.01002   0.08067
    17/299     4.69G   0.04655  0.009439   0.07876    0.1347        11       640    0.1564    0.2841    0.0598   0.03491   0.04254  0.009243   0.07932
    18/299     4.69G   0.04793  0.009388   0.07885    0.1362        17       640     0.159    0.2709   0.05937   0.02758   0.03986  0.008611   0.07902
    19/299     4.69G   0.04445  0.008667   0.07999    0.1331         9       640    0.1238    0.2895   0.06521   0.03731   0.03556  0.009204   0.07837
    20/299     4.69G   0.04569  0.009444   0.07968    0.1348         9       640    0.4508    0.1193   0.06423    0.0341    0.0361  0.008269   0.07852
    21/299     4.69G   0.04516   0.00846   0.07747    0.1311        11       640    0.5313    0.1021   0.06916   0.03378   0.03699  0.008167   0.07766
    22/299     4.69G   0.04989  0.008648   0.07856    0.1371        13       640    0.4795    0.1369   0.07661   0.03752   0.04567  0.007889   0.07612
    23/299     4.69G   0.04777  0.008403   0.07493    0.1311        13       640    0.5068    0.1333   0.08264   0.03974   0.03896   0.00807   0.07362
    24/299     4.69G    0.0505  0.008142   0.07426    0.1329        19       640    0.5082    0.1496   0.09416   0.04537   0.03967  0.008208   0.07364
    25/299     4.69G   0.04524  0.007858   0.07415    0.1272        15       640    0.5849    0.1568   0.09879   0.05402   0.03964  0.007571   0.07439
    26/299     4.69G   0.04738  0.007746   0.07394    0.1291        20       640    0.4649    0.1875    0.1013   0.05358   0.04277  0.007364   0.07314
    27/299     4.69G    0.0446  0.007509   0.07294     0.125        16       640    0.6434      0.18    0.1074   0.05629     0.041  0.007544   0.07068
    28/299     4.69G   0.04599  0.007907   0.07095    0.1248        13       640    0.6981    0.1564    0.1265   0.07813   0.03755   0.00735   0.06818
    29/299     4.69G   0.04356   0.00735   0.06966    0.1206        13       640    0.5174    0.1962    0.1259   0.08192   0.03149  0.007314   0.06982
    30/299     4.69G   0.03937  0.007162    0.0682    0.1147        12       640    0.6787    0.2038    0.1292   0.07923   0.03522  0.006713   0.06654
    31/299     4.69G   0.04325  0.007119   0.06716    0.1175        16       640     0.576    0.2553    0.1275   0.07858   0.03971  0.006572   0.06532
    32/299     4.69G   0.04503  0.007097   0.06492     0.117        11       640    0.6002    0.2239    0.1364   0.08416   0.03314  0.006863   0.06479
    33/299     4.69G   0.04084    0.0076    0.0687    0.1171        11       640    0.7286    0.2241    0.1386   0.07602   0.03712  0.006735    0.0639
    34/299     4.69G   0.04074  0.007301   0.06406    0.1121        12       640    0.6848    0.2571     0.153   0.09932   0.03137  0.006537   0.06304
    35/299     4.69G   0.03779  0.007101   0.06365    0.1085        16       640    0.7361    0.2222    0.1529   0.09968   0.03441  0.006164   0.06195
    36/299     4.69G   0.03895  0.007075   0.06555    0.1116        11       640    0.5077    0.3317     0.153     0.101   0.03324  0.006337    0.0617
    37/299     4.69G   0.03794  0.006977   0.06442    0.1093        13       640    0.5399     0.324    0.1494   0.09306   0.03048  0.006714   0.06249
    38/299      4.7G   0.03712  0.006846   0.06109    0.1051         7       640    0.4492    0.3641    0.1569   0.09181   0.03123  0.006374   0.06066
    39/299      4.7G   0.03842  0.006674   0.06172    0.1068        16       640    0.6925    0.2054    0.1535    0.1081   0.02954  0.006134   0.06009
    40/299      4.7G   0.03607  0.006735   0.06263    0.1054         9       640    0.3679    0.4191    0.1541   0.09767   0.03148  0.005958    0.0601
    41/299      4.7G   0.03498  0.006723   0.06116    0.1029        11       640    0.6877    0.2213    0.1581   0.09903   0.02978  0.006098   0.05965
    42/299      4.7G   0.03392  0.006845   0.06158    0.1023        11       640    0.3734    0.4475    0.1598    0.1116   0.02715   0.00593   0.05943
    43/299      4.7G   0.03369  0.006322    0.0601    0.1001        14       640    0.4858    0.4226    0.1721    0.1225   0.02959  0.005689   0.05836
    44/299      4.7G   0.03613  0.006448   0.06071    0.1033        16       640    0.4393    0.4466    0.1727    0.1232    0.0253   0.00577    0.0587
    45/299      4.7G    0.0317   0.00589   0.05892   0.09651        10       640     0.481    0.4348    0.1882    0.1298   0.02432  0.005644   0.05779
    46/299      4.7G   0.03234  0.006173   0.05984   0.09835        21       640    0.4941    0.4177    0.1887    0.1338   0.02501  0.005523   0.05743
    47/299      4.7G   0.03189  0.005833   0.05709   0.09481         6       640    0.4534    0.4277    0.1792    0.1255   0.02516   0.00551   0.05727
    48/299      4.7G   0.03468  0.005858   0.05697   0.09751        10       640    0.4369    0.4784    0.1796    0.1269   0.02509  0.005554   0.05721
    49/299      4.7G   0.03124   0.00597   0.05842   0.09562        14       640    0.4585    0.4355    0.1949    0.1417   0.02429  0.005455   0.05699
    50/299      4.7G    0.0317  0.005596   0.05949   0.09678        13       640    0.5244    0.4124    0.2166    0.1587    0.0242  0.005556   0.05634
    51/299      4.7G   0.03321  0.005983   0.05857   0.09776        11       640    0.4232    0.4888    0.2262    0.1577   0.02875  0.005378   0.05586
    52/299      4.7G   0.03302  0.005653   0.05941   0.09809        11       640    0.4282    0.4771    0.2295    0.1614    0.0267  0.005296   0.05591
    53/299      4.7G   0.03167  0.005669   0.05688   0.09422        12       640    0.4464    0.4839    0.2301    0.1636   0.02716  0.005403   0.05537
    54/299      4.7G   0.03358  0.005593   0.05481   0.09399        14       640    0.6981    0.2755    0.2344    0.1667   0.02912  0.005192   0.05535
    55/299      4.7G   0.03404  0.005832   0.05733   0.09721        14       640    0.7202    0.2698    0.2338    0.1669   0.02689  0.005391   0.05555
    56/299      4.7G    0.0338  0.005554   0.05651   0.09586        13       640    0.5312    0.3628    0.2386    0.1726   0.02399  0.005247   0.05524
    57/299      4.7G   0.03069  0.005613   0.05569     0.092        13       640    0.5939    0.3689    0.2454    0.1754   0.02646  0.005261   0.05441
    58/299      4.7G   0.03149  0.005767   0.05503   0.09228        19       640    0.7511     0.267    0.2488    0.1789   0.02673  0.005197   0.05394
    59/299      4.7G   0.03159  0.005694   0.05214   0.08942         9       640    0.5676    0.3936    0.2521    0.1838   0.02375  0.005099   0.05367
    60/299      4.7G   0.03307  0.005607    0.0549   0.09358        19       640    0.6378     0.392    0.2531     0.181   0.02792  0.005059    0.0538
    61/299      4.7G   0.03075  0.005773   0.05548   0.09201        10       640    0.6595    0.3516    0.2691    0.1926   0.02662  0.005212   0.05326
    62/299      4.7G   0.03053  0.005683   0.05495   0.09116        12       640    0.6592    0.3474     0.257    0.1804   0.02403  0.005235   0.05254
    63/299      4.7G   0.03109   0.00549   0.05414   0.09071        18       640    0.6542    0.3398    0.2638     0.202   0.02473  0.004995   0.05281
    64/299      4.7G   0.03034  0.005816   0.05287   0.08902        20       640    0.6826    0.3745    0.2646    0.1944   0.02214  0.004991   0.05217
    65/299      4.7G   0.02832  0.005513     0.051   0.08484        11       640    0.6897    0.3587    0.2783    0.2136   0.02238  0.004833    0.0513
    66/299      4.7G   0.02843  0.005338   0.05172   0.08549        12       640    0.6475    0.3766     0.285      0.21   0.02203  0.004947   0.05092
    67/299      4.7G   0.02852  0.005094   0.05321   0.08682         9       640    0.7006    0.3511     0.292    0.2129   0.02196  0.004873    0.0505
    68/299      4.7G   0.02997  0.005275   0.05134   0.08658        20       640    0.7208    0.3411     0.302    0.2168   0.02466  0.004852   0.05012
    69/299      4.7G    0.0291  0.005218   0.04925   0.08357        12       640    0.7273    0.3535    0.3043    0.2288   0.02241  0.004855   0.04994
    70/299      4.7G   0.03085  0.005344   0.05075   0.08695        22       640    0.7471    0.3001    0.2978    0.2186   0.02352   0.00478   0.04983
    71/299      4.7G   0.03023  0.005436   0.04962   0.08528        10       640    0.7404    0.3324    0.2973    0.2223   0.02259  0.004964   0.04954
    72/299      4.7G   0.03047  0.005818   0.05107   0.08735        20       640    0.6982    0.3745    0.3006    0.2329   0.02176  0.004897   0.04869
    73/299      4.7G   0.02977   0.00546   0.05015   0.08539        11       640    0.7695    0.3124    0.3064    0.2253   0.02304  0.004826   0.04872
    74/299      4.7G   0.03085  0.005321   0.04976   0.08593        14       640    0.7403    0.3575    0.3082    0.2318   0.02495  0.004714   0.04815
    75/299      4.7G   0.02845  0.004995   0.04975    0.0832        18       640    0.7668    0.3206    0.3248    0.2521   0.02143  0.004643   0.04776
    76/299      4.7G   0.02841  0.005238   0.04893   0.08258         9       640    0.6491    0.4227    0.3172    0.2367   0.02441  0.004668   0.04745
    77/299      4.7G   0.03076  0.005279   0.05089   0.08692        17       640    0.6632    0.3969    0.3134    0.2313   0.02333  0.004818   0.04782
    78/299      4.7G   0.03023  0.005356   0.04794   0.08352        15       640    0.6607    0.3876    0.3138    0.2326   0.02346  0.004777   0.04696
    79/299      4.7G   0.02751  0.004988   0.04695   0.07945        12       640    0.6778    0.3984    0.3297    0.2559   0.02132  0.004613   0.04664
    80/299      4.7G   0.02918  0.005036   0.04709    0.0813         9       640    0.6789    0.3785    0.3193    0.2417   0.02242  0.004657    0.0469
    81/299      4.7G    0.0296  0.005031   0.04707    0.0817        10       640    0.6672    0.4009    0.3131    0.2209    0.0237  0.004859    0.0463
    82/299      4.7G   0.03027  0.005347   0.04802   0.08363        20       640     0.651    0.4145    0.3237    0.2425   0.02383  0.004618   0.04656
    83/299      4.7G   0.02906  0.004988   0.04861   0.08266         6       640    0.6629    0.4196     0.315    0.2313   0.02401  0.004566   0.04593
    84/299      4.7G    0.0283  0.004918    0.0484   0.08163        14       640    0.6782    0.4034    0.3309    0.2554   0.02221  0.004526   0.04576
    85/299      4.7G   0.02827  0.005043   0.04622   0.07954        15       640    0.8088    0.3163    0.3344    0.2516   0.02405  0.004547   0.04571
    86/299      4.7G   0.03099  0.005318   0.04438   0.08069        15       640    0.6853    0.4079    0.3392    0.2603   0.02239  0.004692   0.04519
    87/299      4.7G   0.02867  0.005305   0.04633    0.0803        22       640     0.713    0.3744    0.3331    0.2623   0.02165  0.004709   0.04524
    88/299      4.7G    0.0275   0.00505   0.04796   0.08051        26       640    0.6998    0.4213    0.3424    0.2677   0.02023   0.00454   0.04509
    89/299      4.7G   0.02707  0.005323   0.04675   0.07915        12       640    0.6605    0.4433    0.3469    0.2691   0.02072  0.004573   0.04426
    90/299      4.7G   0.02866  0.005466   0.04506   0.07919        13       640    0.6864    0.4239     0.358    0.2743   0.02152  0.004617   0.04378
    91/299      4.7G    0.0282  0.004987   0.04432   0.07751         9       640    0.6189    0.4502    0.3475    0.2635   0.02099  0.004578   0.04404
    92/299      4.7G   0.02703  0.004999   0.04537   0.07741        15       640     0.777     0.374    0.3549    0.2688   0.02081  0.004718   0.04343
    93/299      4.7G   0.02714   0.00494   0.04524   0.07732         5       640    0.7451     0.383    0.3582    0.2789    0.0196  0.004445   0.04328
    94/299      4.7G   0.02713  0.004912   0.04393   0.07597        13       640    0.6387    0.4755    0.3679    0.2801   0.02052  0.004435   0.04289
    95/299      4.7G   0.02728  0.004791   0.04608   0.07816        11       640    0.8307    0.3209    0.3819    0.2944   0.02388  0.004459   0.04244
    96/299      4.7G   0.02867  0.004862   0.04384   0.07737        14       640    0.8401    0.3286    0.3844    0.2938   0.02325  0.004344   0.04264
    97/299      4.7G   0.02799  0.004605   0.04423   0.07682         9       640     0.727     0.417    0.3736    0.2943   0.02076  0.004298   0.04252
    98/299      4.7G    0.0286  0.004951   0.04464   0.07819         8       640    0.8486    0.3217    0.3754     0.291   0.02089  0.004344   0.04234
    99/299      4.7G   0.02924  0.005028   0.04347   0.07774         9       640    0.7754    0.3717    0.3738     0.288   0.02184  0.004403   0.04213
   100/299      4.7G    0.0289  0.004878   0.04296   0.07675        16       640      0.76     0.366    0.3787    0.2945   0.02177  0.004391   0.04176
   101/299      4.7G   0.02643  0.004837   0.04439   0.07566        12       640     0.766    0.3765    0.3859    0.2893   0.02259  0.004289   0.04163
   102/299      4.7G   0.02795  0.004795   0.04567   0.07842        14       640    0.8444    0.3314    0.3948    0.3106   0.02103  0.004426   0.04128
   103/299      4.7G   0.02833  0.005115   0.04235    0.0758        11       640    0.7557    0.3918    0.4007    0.3078   0.02061  0.004418    0.0413
   104/299      4.7G   0.02901  0.004632   0.04217   0.07581        10       640    0.7643    0.4021    0.4032    0.3046    0.0212  0.004392   0.04049
   105/299      4.7G   0.02548  0.004699    0.0412   0.07138         8       640    0.7565    0.3959    0.4103    0.3229   0.02018  0.004309   0.04077
   106/299      4.7G   0.02616   0.00498   0.04138   0.07252        19       640    0.7494    0.3923    0.3925    0.3109   0.02016  0.004201    0.0403
   107/299      4.7G   0.02766  0.005223   0.04148   0.07436        17       640    0.7065    0.4492    0.4255    0.3335   0.02107  0.004264   0.03986
   108/299      4.7G   0.02581  0.004594   0.04026   0.07067         9       640    0.6827    0.4371    0.4279    0.3356   0.01965  0.004307   0.03992
   109/299      4.7G   0.02679  0.004915   0.04104   0.07275        11       640    0.7737    0.3972    0.4172    0.3248   0.02069  0.004195   0.03933
   110/299      4.7G   0.02711   0.00475    0.0406   0.07245         8       640    0.7357     0.432    0.4271    0.3382   0.01934  0.004111   0.03908
   111/299      4.7G   0.02732  0.004795   0.04212   0.07423         4       640    0.7334    0.4224    0.4189     0.334   0.02065  0.004256   0.03941
   112/299      4.7G   0.02817  0.004844   0.03991   0.07292         9       640    0.8198    0.3892    0.4492     0.357   0.02072  0.004197   0.03852
   113/299      4.7G   0.02477  0.004674   0.03821   0.06766        14       640    0.6952    0.4642    0.4468    0.3547   0.02018  0.004105   0.03783
   114/299      4.7G   0.02792  0.004668   0.04006   0.07265        10       640    0.7556    0.4094    0.4438    0.3367   0.02238  0.004246    0.0377
   115/299      4.7G   0.02875  0.004904   0.03902   0.07268         9       640    0.7484    0.4209    0.4398    0.3303    0.0223  0.004318   0.03765
   116/299      4.7G   0.02836  0.004689    0.0402   0.07325         8       640    0.8013    0.3924    0.4521    0.3553   0.02059  0.004147   0.03773
   117/299      4.7G   0.02822  0.004529   0.03722   0.06997        11       640    0.7341    0.4254    0.4466    0.3385   0.02291  0.004231   0.03703
   118/299      4.7G   0.02711  0.004748   0.03884   0.07069        14       640    0.7393    0.4472    0.4721    0.3668   0.02092   0.00412   0.03682
   119/299      4.7G   0.02589  0.004552   0.03866    0.0691        15       640    0.7088    0.4695    0.4566    0.3647   0.02025   0.00405   0.03627
   120/299      4.7G   0.02785  0.004705   0.03761   0.07017         8       640    0.7072    0.4878    0.4877    0.3926   0.01955  0.004033     0.036
   121/299      4.7G    0.0244  0.004809   0.03992   0.06913        16       640    0.7524    0.4439    0.4873    0.3893   0.01772  0.004028   0.03585
   122/299      4.7G   0.02685  0.004337   0.03342   0.06461        13       640    0.7623     0.422    0.4952    0.3881   0.02278  0.004151   0.03523
   123/299      4.7G   0.02764  0.004435   0.03482    0.0669        12       640      0.69    0.4866    0.4711    0.3828   0.01957  0.004013   0.03574
   124/299      4.7G    0.0273  0.004335   0.03589   0.06752         8       640    0.7248    0.4848      0.49    0.3788    0.0206  0.004139   0.03488
   125/299      4.7G   0.02679  0.004477   0.03614    0.0674        17       640    0.7482    0.4601    0.5071    0.3962   0.02131  0.004045   0.03502
   126/299      4.7G   0.02684  0.004809   0.03517   0.06682         6       640    0.7544    0.4552    0.4991    0.3883   0.02062  0.004149   0.03541
   127/299      4.7G   0.02859  0.004585   0.03532   0.06849        12       640    0.6567    0.4994    0.4867    0.3777   0.02173  0.004135   0.03466
   128/299      4.7G   0.02685  0.004684   0.03528   0.06682        13       640    0.7405    0.4838    0.5139    0.3999   0.01987  0.004225   0.03442
   129/299      4.7G   0.02449  0.004678   0.03345   0.06263        15       640    0.7344    0.4966    0.5399    0.4356   0.01879  0.004171   0.03389
   130/299      4.7G   0.02578  0.004819   0.03478   0.06538         9       640    0.7355    0.4852    0.5403     0.426   0.01881  0.004089   0.03374
   131/299      4.7G   0.02536  0.004769   0.03464   0.06478        16       640    0.7602    0.5138    0.5407    0.4317   0.01836  0.003972   0.03308
   132/299      4.7G   0.02576  0.004468   0.03511   0.06533        14       640    0.7417    0.4962    0.5321    0.4064   0.01933  0.004151   0.03287
   133/299      4.7G    0.0258  0.004491   0.03104   0.06133         8       640    0.7768    0.5043    0.5476    0.4326   0.01912  0.004129   0.03239
   134/299      4.7G    0.0247  0.004687   0.03217   0.06156         5       640    0.7843    0.5085    0.5578    0.4357   0.01938  0.004065   0.03186
   135/299      4.7G   0.02639  0.004289   0.03458   0.06526        14       640    0.7814    0.5097    0.5553    0.4285    0.0215   0.00402   0.03162
   136/299      4.7G   0.02675  0.004724   0.03356   0.06503        16       640     0.766    0.5415    0.5629    0.4322   0.01942  0.004078   0.03126
   137/299      4.7G   0.02505  0.004639    0.0326   0.06229        23       640    0.7887    0.5001    0.5661    0.4519   0.01918  0.003922   0.03067
   138/299      4.7G   0.02502  0.004508   0.03293   0.06246        18       640    0.7618    0.5388    0.5754    0.4593   0.02063  0.003866   0.03026
   139/299      4.7G   0.02743   0.00458    0.0318   0.06381        17       640    0.8045    0.5034    0.5631    0.4458   0.02238  0.003998   0.03063
   140/299      4.7G   0.02756  0.004461   0.03286   0.06488        18       640    0.7706    0.5169    0.5664    0.4428   0.02247  0.004071   0.03065
   141/299      4.7G   0.02675  0.004259   0.03177   0.06279        10       640    0.8492    0.4874    0.5898    0.4653   0.01948  0.004035   0.03007
   142/299      4.7G   0.02584  0.004655    0.0315     0.062        10       640    0.7823    0.5247    0.5774    0.4722    0.0189   0.00386   0.03005
   143/299      4.7G   0.02563  0.004369   0.03205   0.06204        20       640    0.7816    0.5442    0.5839    0.4677   0.01968  0.003962   0.03022
   144/299      4.7G   0.02655   0.00441   0.03094   0.06189        11       640    0.7911    0.5377    0.6002     0.482   0.01992  0.003911   0.02901
   145/299      4.7G   0.02733  0.004534   0.03024    0.0621        13       640    0.7107    0.5996     0.611    0.4806   0.02006  0.003875   0.02953
   146/299      4.7G   0.02603  0.004641   0.03352   0.06419         8       640    0.7039    0.5936    0.6068     0.484   0.01946  0.004052   0.02902
   147/299      4.7G   0.02474  0.004509   0.03111   0.06036         5       640    0.8299    0.4986    0.5867    0.4717   0.01809  0.003897   0.02864
   148/299      4.7G   0.02426  0.004373   0.02932   0.05795        14       640    0.7228    0.5749    0.6127     0.491   0.01833  0.003888    0.0277
   149/299      4.7G    0.0247  0.004595   0.03051    0.0598        20       640     0.769    0.5823    0.6147    0.4961   0.01867  0.003836   0.02752
   150/299      4.7G   0.02598  0.004664   0.02988   0.06052        14       640    0.7628    0.5508    0.6035    0.4939   0.01709  0.003837   0.02773
   151/299      4.7G   0.02546  0.004125   0.02822   0.05781        12       640    0.7421    0.5968      0.61    0.4935   0.01843  0.003795   0.02725
   152/299      4.7G   0.02455  0.004354   0.02908   0.05799         9       640    0.7876    0.5419    0.5988    0.4788   0.01842  0.003851   0.02747
   153/299      4.7G   0.02531  0.004329   0.03009   0.05972        12       640     0.851    0.5243    0.6022    0.4879   0.01825  0.003743   0.02742
   154/299      4.7G   0.02482  0.004396   0.02961   0.05882        21       640    0.7866    0.5628    0.6097    0.4978   0.01823  0.003747   0.02639
   155/299      4.7G   0.02554  0.004427   0.02845   0.05842        19       640    0.8093    0.5457    0.6218    0.5108   0.01883  0.003817   0.02611
   156/299      4.7G   0.02411  0.004331   0.03026    0.0587        15       640    0.7015    0.6181    0.6133    0.4928   0.01947  0.003822   0.02631
   157/299      4.7G   0.02468   0.00451    0.0299   0.05909         8       640    0.7924    0.5453    0.6162    0.5006   0.01819  0.003836   0.02642
   158/299      4.7G   0.02559  0.004072   0.02717   0.05684        17       640    0.7933    0.5914    0.6447    0.5153      0.02  0.003801   0.02586
   159/299      4.7G   0.02499  0.004526    0.0253   0.05482        21       640    0.7908     0.597    0.6414    0.5077     0.019  0.003736   0.02534
   160/299      4.7G   0.02767  0.004282   0.02658   0.05853         8       640    0.7805    0.5715    0.6072    0.4838    0.0197  0.003811   0.02598
   161/299      4.7G   0.02554  0.004416   0.02802   0.05798        13       640    0.8081    0.5863    0.6298    0.5031    0.0192  0.003801   0.02516
   162/299      4.7G    0.0258  0.004287   0.02865   0.05874        11       640    0.7869    0.5689    0.6312    0.5059   0.01987  0.003855   0.02539
   163/299      4.7G   0.02684  0.004282   0.02839   0.05951        15       640    0.7478    0.6193    0.6391     0.511   0.01965  0.003837   0.02476
   164/299      4.7G   0.02545  0.004346   0.02677   0.05657         5       640    0.8124    0.5711    0.6368    0.5077   0.01987  0.003894   0.02423
   165/299      4.7G   0.02575  0.004386   0.02807   0.05821        22       640     0.737    0.6076    0.6364    0.5212   0.01932  0.003829   0.02461
   166/299      4.7G   0.02536  0.004414   0.02718   0.05695        18       640    0.7148    0.6365    0.6369    0.5205   0.01861  0.003852   0.02457
   167/299      4.7G   0.02589  0.004413   0.02727   0.05757        14       640    0.7318    0.6274    0.6513    0.5331   0.01902  0.003711   0.02396
   168/299      4.7G   0.02638  0.004449   0.02608   0.05691        11       640    0.7857    0.5929    0.6344    0.5118   0.01937  0.003746   0.02373
   169/299      4.7G   0.02358   0.00401   0.02582    0.0534         9       640    0.7582    0.6204    0.6549    0.5347   0.01907  0.003708    0.0235
   170/299      4.7G   0.02425  0.004321   0.02769   0.05627        10       640    0.7693    0.6097    0.6483    0.5237   0.01759  0.003644   0.02332
   171/299      4.7G   0.02406  0.004277   0.02304   0.05137        10       640    0.7338    0.6327    0.6441    0.5244   0.01742   0.00367   0.02293
   172/299      4.7G   0.02603  0.004215   0.02352   0.05377        11       640    0.7543    0.6043    0.6569    0.5314   0.01898  0.003763   0.02267
   173/299      4.7G   0.02357  0.004377   0.02716    0.0551        11       640    0.7437    0.6424    0.6676    0.5485   0.01763  0.003668   0.02237
   174/299      4.7G    0.0238  0.004382    0.0255   0.05369        14       640    0.7545     0.645    0.6566    0.5408    0.0175  0.003674   0.02202
   175/299      4.7G   0.02415  0.004268    0.0238   0.05221        12       640    0.7009    0.6331    0.6643    0.5466   0.01782  0.003732   0.02249
   176/299      4.7G   0.02506  0.004256   0.02544   0.05476        19       640    0.7468    0.6418    0.6759    0.5573   0.01978  0.003689   0.02224
   177/299      4.7G   0.02556  0.004254   0.02494   0.05475        15       640    0.7105    0.6506    0.6684    0.5454   0.01821  0.003671   0.02195
   178/299      4.7G   0.02618  0.004359    0.0251   0.05564        16       640    0.7096    0.6551    0.6541    0.5369   0.01801   0.00374    0.0229
   179/299      4.7G    0.0244  0.004022    0.0245   0.05292        15       640    0.7392    0.6497    0.6541    0.5366    0.0181  0.003671   0.02231
   180/299      4.7G   0.02586   0.00422   0.02587   0.05595        10       640    0.7468    0.6496    0.6633    0.5382   0.01886  0.003677   0.02122
   181/299      4.7G   0.02443  0.004169   0.02515   0.05375         9       640    0.7707    0.6368    0.6716    0.5444   0.01909  0.003674   0.02091
   182/299      4.7G   0.02566  0.004404   0.02363   0.05369        27       640    0.7416    0.6219    0.6746     0.551   0.01758   0.00365    0.0214
   183/299      4.7G   0.02449  0.004072   0.02225   0.05081        10       640    0.7388    0.6467    0.6771    0.5521   0.01925  0.003667   0.02078
   184/299      4.7G   0.02557  0.004255    0.0239   0.05373        12       640    0.7189    0.6533    0.6768    0.5365   0.01866  0.003736   0.02092
   185/299      4.7G    0.0236  0.004276   0.02302   0.05089        16       640    0.7964    0.6334    0.6781    0.5537   0.01705   0.00362    0.0206
   186/299      4.7G   0.02303  0.004007   0.02393   0.05097        19       640    0.7782    0.6494    0.6969     0.568   0.01773  0.003602   0.02013
   187/299      4.7G   0.02413  0.004168   0.02202   0.05031        11       640    0.7719    0.6643    0.7023    0.5835   0.01832  0.003583   0.02012
   188/299      4.7G   0.02448  0.004164   0.02196   0.05061        12       640    0.7475    0.6802    0.6914    0.5663   0.01962  0.003681   0.02007
   189/299      4.7G   0.02441   0.00416   0.02337   0.05194        16       640    0.7458    0.6675    0.6856      0.56   0.01909  0.003621   0.02001
   190/299      4.7G   0.02448  0.004498   0.02557   0.05455        19       640    0.7358    0.6558    0.6926    0.5774   0.01722  0.003617   0.02019
   191/299      4.7G   0.02264  0.004144   0.02153   0.04832         9       640     0.741    0.6987    0.7013    0.5832   0.01744  0.003616   0.01984
   192/299      4.7G   0.02425  0.004448   0.02239   0.05109        16       640    0.7865    0.6492    0.7038    0.5781   0.01868  0.003616   0.01944
   193/299      4.7G   0.02431  0.003894   0.02001   0.04821        12       640    0.8284    0.6409    0.7031    0.5822   0.01967  0.003547   0.01911
   194/299      4.7G   0.02517  0.004295   0.02314    0.0526        18       640    0.7632    0.6755    0.6987    0.5824   0.01845  0.003538   0.01926
   195/299      4.7G    0.0217  0.003901    0.0203    0.0459        13       640    0.8197    0.6441    0.7088    0.5918   0.01722  0.003484   0.01966
   196/299      4.7G   0.02537    0.0042   0.02105   0.05062        14       640     0.775    0.6725    0.7166    0.5937   0.01819  0.003573   0.01936
   197/299      4.7G   0.02359  0.004168   0.02202   0.04977        14       640    0.8155    0.6604    0.7192    0.5915   0.01909  0.003597   0.01883
   198/299      4.7G   0.02187  0.004095   0.02068   0.04665        11       640    0.8237    0.6666    0.7167    0.5969   0.01608  0.003521   0.01855
   199/299      4.7G   0.02346  0.004135   0.02014   0.04774        15       640    0.7925     0.682    0.7244    0.5965   0.01716  0.003541   0.01815
   200/299      4.7G   0.02272  0.004049   0.02125   0.04801        17       640    0.7358    0.7179    0.7261    0.6059   0.01701  0.003525   0.01806
   201/299      4.7G   0.02457  0.004043   0.01991   0.04852        15       640    0.7512    0.7031    0.7162    0.5926   0.01867  0.003533   0.01808
   202/299      4.7G   0.02478  0.003978   0.02129   0.05005        13       640    0.8738    0.6487    0.7269    0.6092   0.01823  0.003439   0.01807
   203/299      4.7G   0.02367  0.003806   0.01957   0.04705        13       640    0.9057    0.6447    0.7375    0.6078   0.01704  0.003395     0.018
   204/299      4.7G   0.02407  0.004043   0.02219    0.0503        10       640    0.7996    0.6867    0.7433    0.6206   0.01724  0.003445   0.01802
   205/299      4.7G   0.02268  0.003928   0.02065   0.04726         6       640    0.7703    0.7374    0.7387    0.6169   0.01753  0.003478   0.01788
   206/299      4.7G   0.02305  0.004048   0.01996   0.04706        14       640    0.8456     0.661    0.7415    0.6207   0.01586   0.00348   0.01774
   207/299      4.7G   0.02145  0.003899   0.02086   0.04621        13       640    0.8534    0.6527    0.7578    0.6375   0.01613  0.003407   0.01732
   208/299      4.7G   0.02359  0.003872   0.01851   0.04597        18       640    0.8581    0.6577    0.7513    0.6289   0.01721  0.003457   0.01721
   209/299      4.7G   0.02239  0.003974   0.01971   0.04607        10       640    0.8548    0.6896    0.7531    0.6281   0.01602  0.003411   0.01767
   210/299      4.7G    0.0225   0.00387   0.01912   0.04549        13       640    0.8244    0.6954     0.759    0.6363   0.01681  0.003447   0.01711
   211/299      4.7G   0.02224  0.003864    0.0182   0.04431        16       640    0.8576    0.6861    0.7563    0.6416   0.01589  0.003395   0.01681
   212/299      4.7G   0.02201  0.003971   0.01925   0.04524        10       640     0.873    0.6729    0.7573    0.6357   0.01754  0.003469   0.01694
   213/299      4.7G   0.02228  0.003761   0.01985   0.04589        13       640    0.8462    0.6858    0.7601    0.6385   0.01656  0.003401   0.01664
   214/299      4.7G   0.02202   0.00389   0.01821   0.04412        18       640    0.8868    0.6791    0.7694     0.639   0.01639  0.003392   0.01663
   215/299      4.7G   0.02147  0.003974   0.02025   0.04569        14       640    0.8156    0.7162    0.7677    0.6339   0.01695  0.003379   0.01638
   216/299      4.7G    0.0222  0.003747   0.01864   0.04458        16       640    0.8713    0.6771    0.7637    0.6238   0.01715  0.003389    0.0162
   217/299      4.7G   0.02245  0.003939   0.01737   0.04376        16       640    0.8664    0.6752    0.7657    0.6422   0.01599   0.00335   0.01613
   218/299      4.7G   0.02363  0.004082   0.01843   0.04614        11       640    0.9133    0.6681    0.7748    0.6516   0.01795  0.003406   0.01594
   219/299      4.7G    0.0219  0.003808   0.01795   0.04366         8       640    0.9212    0.6715    0.7798    0.6596   0.01617  0.003334   0.01619
   220/299      4.7G   0.02271  0.003902     0.017   0.04361        12       640    0.9187    0.6712    0.7788    0.6561    0.0162  0.003314   0.01598
   221/299      4.7G   0.02189  0.003996    0.0176   0.04349        13       640    0.8988    0.6865    0.7961    0.6671   0.01607  0.003355   0.01539
   222/299      4.7G   0.02257  0.003914    0.0179   0.04438        13       640    0.8811    0.6811    0.7839    0.6625   0.01605  0.003384   0.01551
   223/299      4.7G   0.02387  0.003946     0.017   0.04482        15       640     0.879    0.6953    0.7755    0.6409   0.01753  0.003384   0.01538
   224/299      4.7G   0.02287  0.003942     0.017   0.04381        12       640    0.8731    0.7011    0.7752    0.6473   0.01734  0.003367   0.01553
   225/299      4.7G   0.02358  0.003866   0.01732   0.04477        15       640    0.8411    0.7248    0.7816    0.6528   0.01773  0.003407   0.01568
   226/299      4.7G   0.02145  0.003868   0.01865   0.04396        11       640    0.8332    0.7205    0.7849    0.6571   0.01518  0.003326   0.01559
   227/299      4.7G   0.02181  0.003863   0.01799   0.04366        10       640    0.8682    0.7016     0.786    0.6594   0.01574  0.003298   0.01525
   228/299      4.7G   0.02377  0.003954   0.01949   0.04721        13       640    0.9163    0.6924    0.7894    0.6585   0.01646  0.003368   0.01496
   229/299      4.7G   0.02058  0.003756    0.0181   0.04244        15       640    0.8895    0.6869    0.7916    0.6682   0.01657  0.003314   0.01506
   230/299      4.7G    0.0226  0.004201   0.01656   0.04336        16       640    0.8414    0.7342    0.7916    0.6642   0.01589  0.003283   0.01491
   231/299      4.7G   0.02188  0.004061   0.01636    0.0423        19       640    0.7839    0.7952    0.7966    0.6616   0.01533  0.003311   0.01475
   232/299      4.7G   0.02191  0.003859   0.01692   0.04269        13       640    0.8346    0.7399    0.7908    0.6588   0.01807   0.00331   0.01455
   233/299      4.7G   0.02188   0.00381    0.0162   0.04189        14       640    0.9099    0.6954    0.7967    0.6696   0.01571   0.00329   0.01454
   234/299      4.7G   0.02068  0.003737   0.01664   0.04106        18       640    0.9194    0.7025    0.7981    0.6614    0.0148  0.003298   0.01459
   235/299      4.7G   0.02045   0.00358   0.01749   0.04152        17       640    0.9025    0.7234    0.7979    0.6819   0.01482  0.003193   0.01438
   236/299      4.7G    0.0207  0.003628   0.01608   0.04041         9       640    0.8506    0.7577    0.8036    0.6756   0.01484  0.003245   0.01427
   237/299      4.7G   0.02174  0.004046    0.0152   0.04098        15       640    0.8464    0.7597    0.8065    0.6802   0.01616  0.003224   0.01421
   238/299      4.7G   0.02293  0.003719   0.01725   0.04391         4       640    0.8791    0.7396    0.8089     0.691   0.01607  0.003255   0.01413
   239/299      4.7G   0.02156  0.003869   0.01551   0.04093        13       640    0.9515    0.6914    0.8154    0.6921   0.01613   0.00325    0.0142
   240/299      4.7G   0.02151  0.003845   0.01668   0.04203         9       640    0.9414    0.7064     0.823    0.6895   0.01607   0.00332   0.01415
   241/299      4.7G   0.02008   0.00369   0.01586   0.03963        10       640    0.9269    0.7089    0.8322    0.6978   0.01481  0.003256   0.01392
   242/299      4.7G   0.02083   0.00383   0.01596   0.04062        23       640    0.9054    0.7205    0.8333    0.7045   0.01756  0.003259   0.01368
   243/299      4.7G   0.02175  0.003872   0.01687   0.04248        21       640    0.8762    0.7513    0.8289    0.7006   0.01552  0.003196   0.01365
   244/299      4.7G   0.02162  0.003652   0.01493   0.04019         4       640    0.8831    0.7493    0.8401    0.7102   0.01525  0.003227   0.01363
   245/299      4.7G   0.01972  0.003779   0.01526   0.03875        14       640    0.8668    0.7624    0.8356    0.7123   0.01382  0.003213   0.01348
   246/299      4.7G   0.02129  0.003843   0.01527    0.0404        12       640    0.8464    0.7896    0.8391    0.7031   0.01526  0.003241    0.0133
   247/299      4.7G   0.01971  0.003691   0.01527   0.03868        13       640    0.9118    0.7335    0.8407    0.7176   0.01527  0.003179   0.01323
   248/299      4.7G   0.02088   0.00347    0.0146   0.03895         9       640    0.9557    0.7035    0.8532    0.7227   0.01519  0.003175   0.01322
   249/299      4.7G   0.02069  0.003633   0.01473   0.03906         9       640    0.9016    0.7489    0.8559    0.7283   0.01456  0.003195   0.01322
   250/299      4.7G   0.01982  0.003558   0.01524   0.03861        14       640    0.9231    0.7378    0.8555    0.7308   0.01396  0.003146   0.01335
   251/299      4.7G    0.0195  0.003751   0.01553   0.03878        12       640    0.9099    0.7482    0.8648    0.7379   0.01395  0.003132    0.0132
   252/299      4.7G   0.01994  0.003693   0.01468   0.03831        17       640    0.9473    0.7201    0.8623    0.7231   0.01458  0.003185   0.01294
   253/299      4.7G   0.01949  0.003632   0.01435   0.03747        10       640    0.9133     0.752    0.8572     0.727   0.01435  0.003159   0.01275
   254/299      4.7G   0.02055  0.003667   0.01514   0.03936        19       640    0.9492     0.722    0.8618    0.7311   0.01473  0.003113    0.0127
   255/299      4.7G    0.0196  0.003398   0.01545   0.03844        16       640    0.9434    0.7347    0.8696    0.7325   0.01478  0.003181   0.01271
   256/299      4.7G   0.02016  0.003802   0.01377   0.03773         9       640    0.9457    0.7339    0.8776     0.746   0.01432  0.003159   0.01265
   257/299      4.7G   0.02072  0.003602   0.01364   0.03796        13       640    0.8994    0.7641    0.8785    0.7458   0.01461  0.003122   0.01249
   258/299      4.7G    0.0201  0.003691     0.014   0.03779        15       640    0.9014    0.7673    0.8813    0.7473   0.01398  0.003137   0.01251
   259/299      4.7G   0.02064  0.003685    0.0138   0.03813        11       640    0.8891    0.7746    0.8767    0.7481    0.0148  0.003116    0.0124
   260/299      4.7G   0.02046  0.003572   0.01585   0.03988        11       640    0.9311    0.7518    0.8808    0.7493   0.01437  0.003082    0.0123
   261/299      4.7G   0.02037  0.003512   0.01317   0.03705        18       640    0.9307    0.7615    0.8822    0.7543   0.01463  0.003078   0.01225
   262/299      4.7G    0.0209  0.003588   0.01395   0.03844        17       640    0.9475    0.7592    0.8781    0.7493   0.01557  0.003105   0.01222
   263/299      4.7G   0.01965  0.003601   0.01352   0.03678        12       640    0.9317    0.7634    0.8845    0.7619   0.01386  0.003091   0.01224
   264/299      4.7G   0.01889  0.003516   0.01306   0.03548         7       640    0.9413    0.7624    0.8757    0.7477   0.01451  0.003117   0.01216
   265/299      4.7G    0.0191  0.003616   0.01458   0.03729        14       640    0.9277    0.7689    0.8771    0.7549    0.0134  0.003082   0.01205
   266/299      4.7G   0.01976  0.003646    0.0138   0.03721        12       640    0.9382     0.766    0.8787    0.7538   0.01428  0.003091    0.0119
   267/299      4.7G   0.01948    0.0037   0.01336   0.03654        15       640    0.9472    0.7658    0.8822    0.7551   0.01402  0.003069   0.01169
   268/299      4.7G   0.02028  0.003654    0.0124   0.03634        12       640    0.9442    0.7595    0.8912    0.7596   0.01441   0.00308   0.01167
   269/299      4.7G   0.01921  0.003378   0.01337   0.03596         8       640    0.9352    0.7782    0.8939     0.762   0.01384  0.003081   0.01162
   270/299      4.7G   0.02144  0.003673   0.01384   0.03895        14       640      0.94    0.7698    0.8886    0.7607   0.01452  0.003071   0.01183
   271/299      4.7G    0.0206   0.00355   0.01505    0.0392        15       640    0.9457    0.7647    0.8886    0.7614   0.01527  0.003044   0.01176
   272/299      4.7G   0.02049  0.003602   0.01359   0.03768        11       640    0.9589     0.764    0.8928    0.7573   0.01426  0.003041   0.01162
   273/299      4.7G   0.01955  0.003481   0.01243   0.03546        11       640    0.9512    0.7683    0.8782    0.7479   0.01402  0.003048   0.01167
   274/299      4.7G   0.02053  0.003627   0.01235    0.0365        12       640     0.934    0.7834    0.8888    0.7638   0.01444   0.00306   0.01164
   275/299      4.7G   0.02029   0.00363   0.01294   0.03686        14       640    0.9673    0.7563    0.8843    0.7629   0.01439  0.003046    0.0116
   276/299      4.7G   0.02046   0.00364     0.014    0.0381        16       640    0.9657    0.7632    0.8829    0.7577   0.01473  0.003057   0.01153
   277/299      4.7G   0.01985  0.003459   0.01163   0.03494        10       640    0.9617    0.7621    0.8838    0.7524   0.01426  0.003032   0.01151
   278/299      4.7G    0.0201  0.003651   0.01266   0.03641        16       640    0.9683     0.763    0.8857    0.7572    0.0141  0.003039   0.01154
   279/299      4.7G   0.01901  0.003483   0.01392   0.03641        14       640    0.9639    0.7704    0.8858    0.7633   0.01446  0.003041   0.01143
   280/299      4.7G   0.02072  0.003524    0.0138   0.03804        16       640    0.9656    0.7656    0.8838    0.7525   0.01456  0.003117   0.01137
   281/299      4.7G   0.01889  0.003444   0.01242   0.03475        16       640    0.9793    0.7553    0.8876    0.7657   0.01349  0.003076   0.01125
   282/299      4.7G   0.01924   0.00353   0.01268   0.03545        13       640    0.9518    0.7746    0.8867    0.7691   0.01386  0.003036     0.011
   283/299      4.7G    0.0203  0.003772   0.01344   0.03752        24       640     0.953    0.7755    0.8925     0.771   0.01374  0.003026   0.01089
   284/299      4.7G   0.01964  0.003409   0.01132   0.03437         9       640    0.9501    0.7817    0.8938    0.7718   0.01417  0.003023   0.01086
   285/299      4.7G    0.0195  0.003543   0.01471   0.03775        20       640    0.9448    0.7831    0.8912    0.7771   0.01407  0.002992   0.01089
   286/299      4.7G   0.01884  0.003689   0.01205   0.03458        12       640    0.9446    0.7857    0.8908     0.771   0.01383  0.002998   0.01079
   287/299      4.7G   0.02024  0.003683   0.01198   0.03591        20       640    0.9371    0.7874    0.8955    0.7646   0.01398  0.003053   0.01073
   288/299      4.7G   0.01967  0.003632   0.01279   0.03609        23       640    0.9331    0.7929    0.8987    0.7683    0.0136   0.00304   0.01069
   289/299      4.7G   0.01913  0.003445   0.01329   0.03586        11       640    0.9493    0.7845    0.9071    0.7745   0.01355   0.00304   0.01058
   290/299      4.7G   0.01975  0.003691   0.01453   0.03797        16       640    0.9493    0.7878    0.8944    0.7647   0.01425  0.003058   0.01053
   291/299      4.7G   0.01984  0.003537   0.01186   0.03524        11       640    0.9458    0.7848    0.9013    0.7821   0.01402   0.00299   0.01055
   292/299      4.7G    0.0201  0.003549   0.01384   0.03748         9       640    0.9556    0.7873    0.8985     0.777   0.01379  0.003013   0.01051
   293/299      4.7G   0.01999   0.00348   0.01261   0.03607        17       640    0.9512    0.7846    0.8956    0.7758   0.01367  0.002995   0.01051
   294/299      4.7G   0.01968  0.003349   0.01159   0.03462        14       640    0.8535    0.8318    0.8996    0.7811   0.01448  0.002981   0.01049
   295/299      4.7G   0.01864  0.003446   0.01226   0.03435        11       640    0.9587    0.7802    0.8939    0.7799   0.01344   0.00298   0.01039
   296/299      4.7G   0.02065  0.003727   0.01209   0.03646        13       640    0.9733    0.7788    0.8917    0.7723   0.01343  0.002978   0.01027
   297/299      4.7G   0.01839  0.003586    0.0115   0.03348         6       640    0.9673    0.7864    0.8958    0.7747   0.01362  0.003003   0.01019
   298/299      4.7G   0.01919  0.003622   0.01172   0.03453        13       640    0.8806    0.8169    0.9025    0.7766   0.01309  0.002986   0.01008
   299/299      4.7G   0.02014   0.00356   0.01102   0.03472        22       640    0.9681    0.7824     0.902    0.7811   0.01381  0.002988   0.01004
